0 0  2
0 0.251327  1.77325
0 0.502655  1.97033
0 0.753982  3.624245
0 1.00531  7.83263
0 1.25664  14.0757
0 1.50796  18.1712
0 1.75929  14.0224
0 2.01062  3.0862461
0 2.26195  0.30238
0 2.51327  12.32355
0 2.7646  14.188
0 3.01593  -0.91495
0 3.26726  6.81971
0 3.51858  12.91544
0 3.76991  -3.29747
0 4.02124  12.98987
0 4.27257  -0.73341
0 4.52389  8.23603
0 4.77522  0.22529
0 5.02655  7.93996
0 5.27788  -3.83765
0 5.5292  10.96813
0 5.78053  -6.6554
0 6.03186  4.9145
0 6.28319  5.39367
0.251327 0  1.74476
0.251327 0.251327  1.51811
0.251327 0.502655  1.7155
0.251327 0.753982  3.369915
0.251327 1.00531  7.579
0.251327 1.25664  13.823
0.251327 1.50796  17.9196
0.251327 1.75929  13.7722
0.251327 2.01062  2.837468
0.251327 2.26195  0.05531
0.251327 2.51327  12.07838
0.251327 2.7646  13.9449
0.251327 3.01593  -1.15572
0.251327 3.26726  6.58142
0.251327 3.51858  12.67982
0.251327 3.76991  -3.53023
0.251327 4.02124  12.76015
0.251327 4.27257  -0.95991
0.251327 4.52389  8.01294
0.251327 4.77522  0.0057800000000001
0.251327 5.02655  7.72421
0.251327 5.27788  -4.04947
0.251327 5.5292  10.7604
0.251327 5.78053  -6.85887
0.251327 6.03186  4.71545
0.251327 6.28319  5.19919
0.502655 0  1.48182
0.502655 0.251327  1.25528
0.502655 0.502655  1.45299
0.502655 0.753982  3.107951
0.502655 1.00531  7.3178
0.502655 1.25664  13.5627
0.502655 1.50796  17.6606
0.502655 1.75929  13.5145
0.502655 2.01062  2.581429
0.502655 2.26195  -0.19891
0.502655 2.51327  11.82619
0.502655 2.7646  13.695
0.502655 3.01593  -1.40323
0.502655 3.26726  6.33656
0.502655 3.51858  12.43781
0.502655 3.76991  -3.7692
0.502655 4.02124  12.52443
0.502655 4.27257  -1.1922
0.502655 4.52389  7.78427
0.502655 4.77522  -0.21908
0.502655 5.02655  7.50334
0.502655 5.27788  -4.26616
0.502655 5.5292  10.54806
0.502655 5.78053  -7.0667
0.502655 6.03186  4.51232
0.502655 6.28319  5.00092
0.753982 0  1.2114
0.753982 0.251327  0.98497
0.753982 0.502655  1.18303
0.753982 0.753982  2.838561
0.753982 1.00531  7.04921
0.753982 1.25664  13.2952
0.753982 1.50796  17.3943
0.753982 1.75929  13.2497
0.753982 2.01062  2.318331
0.753982 2.26195  -0.46008
0.753982 2.51327  11.56718
0.753982 2.7646  13.4383
0.753982 3.01593  -1.65727
0.753982 3.26726  6.08533
0.753982 3.51858  12.18959
0.753982 3.76991  -4.01419
0.753982 4.02124  12.28288
0.753982 4.27257  -1.43011
0.753982 4.52389  7.5502
0.753982 4.77522  -0.44912
0.753982 5.02655  7.27754
0.753982 5.27788  -4.48755
0.753982 5.5292  10.33127
0.753982 5.78053  -7.2787
0.753982 6.03186  4.30527
0.753982 6.28319  4.79901
1.00531 0  0.9337
1.00531 0.251327  0.70739
1.00531 0.502655  0.90582
1.00531 0.753982  2.561958
1.00531 1.00531  6.77346
1.00531 1.25664  13.0205
1.00531 1.50796  17.1209
1.00531 1.75929  12.97794
1.00531 2.01062  2.048383
1.00531 2.26195  -0.72798
1.00531 2.51327  11.30156
1.00531 2.7646  13.1752
1.00531 3.01593  -1.91764
1.00531 3.26726  5.82792
1.00531 3.51858  11.93537
1.00531 3.76991  -4.26499
1.00531 4.02124  12.0357
1.00531 4.27257  -1.67345
1.00531 4.52389  7.31092
1.00531 4.77522  -0.68414
1.00531 5.02655  7.04697
1.00531 5.27788  -4.71346
1.00531 5.5292  10.11021
1.00531 5.78053  -7.4947
1.00531 6.03186  4.09448
1.00531 6.28319  4.59361
1.25664 0  0.64895
1.25664 0.251327  0.42277
1.25664 0.502655  0.62158
1.25664 0.753982  2.278363
1.25664 1.00531  6.49076
1.25664 1.25664  12.73895
1.25664 1.50796  16.8408
1.25664 1.75929  12.69945
1.25664 2.01062  1.7718
1.25664 2.26195  -1.00241
1.25664 2.51327  11.02953
1.25664 2.7646  12.90583
1.25664 3.01593  -2.18414
1.25664 3.26726  5.56454
1.25664 3.51858  11.67536
1.25664 3.76991  -4.52142
1.25664 4.02124  11.78309
1.25664 4.27257  -1.92202
1.25664 4.52389  7.06661
1.25664 4.77522  -0.92398
1.25664 5.02655  6.81182
1.25664 5.27788  -4.94371
1.25664 5.5292  9.88506
1.25664 5.78053  -7.7146
1.25664 6.03186  3.880102
1.25664 6.28319  4.38491
1.50796 0  0.35738
1.50796 0.251327  0.13134
1.50796 0.502655  0.33055
1.50796 0.753982  1.98801
1.50796 1.00531  6.20134
1.50796 1.25664  12.45075
1.50796 1.50796  16.5541
1.50796 1.75929  12.41445
1.50796 2.01062  1.48881
1.50796 2.26195  -1.28314
1.50796 2.51327  10.75132
1.50796 2.7646  12.63039
1.50796 3.01593  -2.45655
1.50796 3.26726  5.29541
1.50796 3.51858  11.40975
1.50796 3.76991  -4.78327
1.50796 4.02124  11.52524
1.50796 4.27257  -2.17562
1.50796 4.52389  6.81747
1.50796 4.77522  -1.16842
1.50796 5.02655  6.57229
1.50796 5.27788  -5.17812
1.50796 5.5292  9.65599
1.50796 5.78053  -7.9381
1.50796 6.03186  3.662311
1.50796 6.28319  4.17305
1.75929 0  0.05922
1.75929 0.251327  -0.16668
1.75929 0.502655  0.03296
1.75929 0.753982  1.69112
1.75929 1.00531  5.90544
1.75929 1.25664  12.15611
1.75929 1.50796  16.261
1.75929 1.75929  12.12318
1.75929 2.01062  1.19963
1.75929 2.26195  -1.56995
1.75929 2.51327  10.46715
1.75929 2.7646  12.34912
1.75929 3.01593  -2.73465
1.75929 3.26726  5.02074
1.75929 3.51858  11.13876
1.75929 3.76991  -5.05032
1.75929 4.02124  11.26238
1.75929 4.27257  -2.43406
1.75929 4.52389  6.5637
1.75929 4.77522  -1.41728
1.75929 5.02655  6.32856
1.75929 5.27788  -5.41649
1.75929 5.5292  9.42319
1.75929 5.78053  -8.1651
1.75929 6.03186  3.441282
1.75929 6.28319  3.958205
2.01062 0  -0.24527
2.01062 0.251327  -0.47103
2.01062 0.502655  -0.27095
2.01062 0.753982  1.38795
2.01062 1.00531  5.6033
2.01062 1.25664  11.85529
2.01062 1.50796  15.9618
2.01062 1.75929  11.82587
2.01062 2.01062  0.90451
2.01062 2.26195  -1.8626
2.01062 2.51327  10.17725
2.01062 2.7646  12.06225
2.01062 3.01593  -3.01822
2.01062 3.26726  4.74075
2.01062 3.51858  10.86261
2.01062 3.76991  -5.32236
2.01062 4.02124  10.99471
2.01062 4.27257  -2.69711
2.01062 4.52389  6.30552
2.01062 4.77522  -1.67036
2.01062 5.02655  6.08083
2.01062 5.27788  -5.65864
2.01062 5.5292  9.18684
2.01062 5.78053  -8.3954
2.01062 6.03186  3.217192
2.01062 6.28319  3.740556
2.26195 0  -0.55586
2.26195 0.251327  -0.78146
2.26195 0.502655  -0.58092
2.26195 0.753982  1.07874
2.26195 1.00531  5.29516
2.26195 1.25664  11.54853
2.26195 1.50796  15.6567
2.26195 1.75929  11.52277
2.26195 2.01062  0.60368
2.26195 2.26195  -2.16086
2.26195 2.51327  9.88185
2.26195 2.7646  11.77001
2.26195 3.01593  -3.30702
2.26195 3.26726  4.45567
2.26195 3.51858  10.58154
2.26195 3.76991  -5.59916
2.26195 4.02124  10.72244
2.26195 4.27257  -2.96457
2.26195 4.52389  6.04312
2.26195 4.77522  -1.92745
2.26195 5.02655  5.8293
2.26195 5.27788  -5.90438
2.26195 5.5292  8.94714
2.26195 5.78053  -8.6289
2.26195 6.03186  2.99022345
2.26195 6.28319  3.520274
2.51327 0  -0.87228
2.51327 0.251327  -1.09773
2.51327 0.502655  -0.89671
2.51327 0.753982  0.76375
2.51327 1.00531  4.98128
2.51327 1.25664  11.23608
2.51327 1.50796  15.346
2.51327 1.75929  11.21412
2.51327 2.01062  0.29739
2.51327 2.26195  -2.46448
2.51327 2.51327  9.58121
2.51327 2.7646  11.47265
2.51327 3.01593  -3.60081
2.51327 3.26726  4.16574
2.51327 3.51858  10.29576
2.51327 3.76991  -5.88051
2.51327 4.02124  10.44581
2.51327 4.27257  -3.23622
2.51327 4.52389  5.77672
2.51327 4.77522  -2.18834
2.51327 5.02655  5.57418
2.51327 5.27788  -6.15349
2.51327 5.5292  8.70428
2.51327 5.78053  -8.8653
2.51327 6.03186  2.76056
2.51327 6.28319  3.297539
2.7646 0  -1.19428
2.7646 0.251327  -1.41956
2.7646 0.502655  -1.21805
2.7646 0.753982  0.44324
2.7646 1.00531  4.66192
2.7646 1.25664  10.9182
2.7646 1.50796  15.0299
2.7646 1.75929  10.90017
2.7646 2.01062  -0.0141
2.7646 2.26195  -2.7732
2.7646 2.51327  9.27557
2.7646 2.7646  11.1704
2.7646 3.01593  -3.89936
2.7646 3.26726  3.871197
2.7646 3.51858  10.00551
2.7646 3.76991  -6.16616
2.7646 4.02124  10.16504
2.7646 4.27257  -3.51183
2.7646 4.52389  5.50654
2.7646 4.77522  -2.45281
2.7646 5.02655  5.31567
2.7646 5.27788  -6.40577
2.7646 5.5292  8.45846
2.7646 5.78053  -9.1044
2.7646 6.03186  2.52839
2.7646 6.28319  3.072531
3.01593 0  -1.52159
3.01593 0.251327  -1.74669
3.01593 0.502655  -1.54467
3.01593 0.753982  0.11747
3.01593 1.00531  4.33735
3.01593 1.25664  10.59516
3.01593 1.50796  14.7087
3.01593 1.75929  10.5812
3.01593 2.01062  -0.33054
3.01593 2.26195  -3.08677
3.01593 2.51327  8.96518
3.01593 2.7646  10.86352
3.01593 3.01593  -4.20241
3.01593 3.26726  3.572283
3.01593 3.51858  9.71104
3.01593 3.76991  -6.45588
3.01593 4.02124  9.88036
3.01593 4.27257  -3.79118
3.01593 4.52389  5.23281
3.01593 4.77522  -2.72065
3.01593 5.02655  5.054
3.01593 5.27788  -6.66102
3.01593 5.5292  8.20989
3.01593 5.78053  -9.346
3.01593 6.03186  2.293902
3.01593 6.28319  2.845435
3.26726 0  -1.85393
3.26726 0.251327  -2.07886
3.26726 0.502655  -1.8763
3.26726 0.753982  -0.21328
3.26726 1.00531  4.00783
3.26726 1.25664  10.26722
3.26726 1.50796  14.3827
3.26726 1.75929  10.25747
3.26726 2.01062  -0.65166
3.26726 2.26195  -3.40494
3.26726 2.51327  8.65031
3.26726 2.7646  10.55227
3.26726 3.01593  -4.50971
3.26726 3.26726  3.269247
3.26726 3.51858  9.41259
3.26726 3.76991  -6.74943
3.26726 4.02124  9.59201
3.26726 4.27257  -4.07403
3.26726 4.52389  4.95575
3.26726 4.77522  -2.99163
3.26726 5.02655  4.78937
3.26726 5.27788  -6.91903
3.26726 5.5292  7.95876
3.26726 5.78053  -9.59
3.26726 6.03186  2.05729
3.26726 6.28319  2.616436
3.51858 0  -2.19102
3.51858 0.251327  -2.41576
3.51858 0.502655  -2.21267
3.51858 0.753982  -0.54874
3.51858 1.00531  3.673644
3.51858 1.25664  9.93466
3.51858 1.50796  14.0521
3.51858 1.75929  9.92924
3.51858 2.01062  -0.97719
3.51858 2.26195  -3.72743
3.51858 2.51327  8.33121
3.51858 2.7646  10.2369
3.51858 3.01593  -4.82102
3.51858 3.26726  2.9623438
3.51858 3.51858  9.11041
3.51858 3.76991  -7.0466
3.51858 4.02124  9.30023
3.51858 4.27257  -4.36015
3.51858 4.52389  4.67559
3.51858 4.77522  -3.26553
3.51858 5.02655  4.522
3.51858 5.27788  -7.1796
3.51858 5.5292  7.70529
3.51858 5.78053  -9.8361
3.51858 6.03186  1.81875
3.51858 6.28319  2.385723
3.76991 0  -2.53258
3.76991 0.251327  -2.75714
3.76991 0.502655  -2.55348
3.76991 0.753982  -0.88862
3.76991 1.00531  3.335072
3.76991 1.25664  9.59777
3.76991 1.50796  13.7173
3.76991 1.75929  9.5968
3.76991 2.01062  -1.30686
3.76991 2.26195  -4.05397
3.76991 2.51327  8.00816
3.76991 2.7646  9.91768
3.76991 3.01593  -5.13605
3.76991 3.26726  2.65183
3.76991 3.51858  8.80476
3.76991 3.76991  -7.347
3.76991 4.02124  9.00526
3.76991 4.27257  -4.6493
3.76991 4.52389  4.39257
3.76991 4.77522  -3.54213
3.76991 5.02655  4.25212
3.76991 5.27788  -7.4425
3.76991 5.5292  7.44969
3.76991 5.78053  -10.0842
3.76991 6.03186  1.57847
3.76991 6.28319  2.153488
4.02124 0  -2.87832
4.02124 0.251327  -3.10269
4.02124 0.502655  -2.89845
4.02124 0.753982  -1.23263
4.02124 1.00531  2.9923995
4.02124 1.25664  9.25681
4.02124 1.50796  13.3784
4.02124 1.75929  9.26042
4.02124 2.01062  -1.64039
4.02124 2.26195  -4.38428
4.02124 2.51327  7.68142
4.02124 2.7646  9.59489
4.02124 3.01593  -5.45456
4.02124 3.26726  2.337967
4.02124 3.51858  8.49588
4.02124 3.76991  -7.6506
4.02124 4.02124  8.70735
4.02124 4.27257  -4.94123
4.02124 4.52389  4.10693
4.02124 4.77522  -3.82118
4.02124 5.02655  3.979957
4.02124 5.27788  -7.7074
4.02124 5.5292  7.19216
4.02124 5.78053  -10.334
4.02124 6.03186  1.33667
4.02124 6.28319  1.91992
4.27257 0  -3.22795
4.27257 0.251327  -3.45212
4.27257 0.502655  -3.24729
4.27257 0.753982  -1.58049
4.27257 1.00531  2.645919
4.27257 1.25664  8.9121
4.27257 1.50796  13.0359
4.27257 1.75929  8.92039
4.27257 2.01062  -1.9775
4.27257 2.26195  -4.71809
4.27257 2.51327  7.35128
4.27257 2.7646  9.26878
4.27257 3.01593  -5.77626
4.27257 3.26726  2.021021
4.27257 3.51858  8.18404
4.27257 3.76991  -7.957
4.27257 4.02124  8.40676
4.27257 4.27257  -5.23571
4.27257 4.52389  3.818891
4.27257 4.77522  -4.10246
4.27257 5.02655  3.705735
4.27257 5.27788  -7.9743
4.27257 5.5292  6.93293
4.27257 5.78053  -10.5853
4.27257 6.03186  1.09353
4.27257 6.28319  1.68522
4.52389 0  -3.58116
4.52389 0.251327  -3.80513
4.52389 0.502655  -3.5997
4.52389 0.753982  -1.93189
4.52389 1.00531  2.295927
4.52389 1.25664  8.56391
4.52389 1.50796  12.68989
4.52389 1.75929  8.57701
4.52389 2.01062  -2.31789
4.52389 2.26195  -5.05511
4.52389 2.51327  7.01802
4.52389 2.7646  8.93965
4.52389 3.01593  -6.10089
4.52389 3.26726  1.70126
4.52389 3.51858  7.86951
4.52389 3.76991  -8.2659
4.52389 4.02124  8.10373
4.52389 4.27257  -5.53247
4.52389 4.52389  3.528714
4.52389 4.77522  -4.38573
4.52389 5.02655  3.429686
4.52389 5.27788  -8.2428
4.52389 5.5292  6.67221
4.52389 5.78053  -10.838
4.52389 6.03186  0.84927
4.52389 6.28319  1.44958
4.77522 0  -3.93766
4.77522 0.251327  -4.16142
4.77522 0.502655  -3.95537
4.77522 0.753982  -2.28653
4.77522 1.00531  1.94272
4.77522 1.25664  8.21256
4.77522 1.50796  12.34079
4.77522 1.75929  8.23056
4.77522 2.01062  -2.66129
4.77522 2.26195  -5.39506
4.77522 2.51327  6.68191
4.77522 2.7646  8.60777
4.77522 3.01593  -6.42817
4.77522 3.26726  1.37896
4.77522 3.51858  7.55255
4.77522 3.76991  -8.5772
4.77522 4.02124  7.79853
4.77522 4.27257  -5.83128
4.77522 4.52389  3.236641
4.77522 4.77522  -4.67075
4.77522 5.02655  3.152044
4.77522 5.27788  -8.5128
4.77522 5.5292  6.41023
4.77522 5.78053  -11.0917
4.77522 6.03186  0.60408
4.77522 6.28319  1.21319
5.02655 0  -4.29714
5.02655 0.251327  -4.52069
5.02655 0.502655  -4.31401
5.02655 0.753982  -2.64412
5.02655 1.00531  1.58661
5.02655 1.25664  7.85833
5.02655 1.50796  11.98886
5.02655 1.75929  7.88135
5.02655 2.01062  -3.00739
5.02655 2.26195  -5.73763
5.02655 2.51327  6.34325
5.02655 2.7646  8.27342
5.02655 3.01593  -6.75781
5.02655 3.26726  1.05439
5.02655 3.51858  7.23344
5.02655 3.76991  -8.8905
5.02655 4.02124  7.49141
5.02655 4.27257  -6.13187
5.02655 4.52389  2.9429193
5.02655 4.77522  -4.95727
5.02655 5.02655  2.873045
5.02655 5.27788  -8.784
5.02655 5.5292  6.1472
5.02655 5.78053  -11.3463
5.02655 6.03186  0.35818
5.02655 6.28319  0.97626
5.27788 0  -4.65928
5.27788 0.251327  -4.88262
5.27788 0.502655  -4.6753
5.27788 0.753982  -3.00433
5.27788 1.00531  1.22789
5.27788 1.25664  7.50153
5.27788 1.50796  11.63441
5.27788 1.75929  7.52966
5.27788 2.01062  -3.35589
5.27788 2.26195  -6.08255
5.27788 2.51327  6.00234
5.27788 2.7646  7.9369
5.27788 3.01593  -7.0895
5.27788 3.26726  0.72784
5.27788 3.51858  6.91244
5.27788 3.76991  -9.2056
5.27788 4.02124  7.18264
5.27788 4.27257  -6.43399
5.27788 4.52389  2.647801
5.27788 4.77522  -5.24505
5.27788 5.02655  2.592925
5.27788 5.27788  -9.0561
5.27788 5.5292  5.88334
5.27788 5.78053  -11.6016
5.27788 6.03186  0.11177
5.27788 6.28319  0.73898
5.5292 0  -5.02378
5.5292 0.251327  -5.2469
5.5292 0.502655  -5.03892
5.5292 0.753982  -3.36687
5.5292 1.00531  0.86688
5.5292 1.25664  7.14249
5.5292 1.50796  11.27775
5.5292 1.75929  7.17582
5.5292 2.01062  -3.7065
5.5292 2.26195  -6.4295
5.5292 2.51327  5.65945
5.5292 2.7646  7.59849
5.5292 3.01593  -7.4231
5.5292 3.26726  0.39958
5.5292 3.51858  6.58984
5.5292 3.76991  -9.5221
5.5292 4.02124  6.87248
5.5292 4.27257  -6.73737
5.5292 4.52389  2.351538
5.5292 4.77522  -5.53385
5.5292 5.02655  2.311924
5.5292 5.27788  -9.329
5.5292 5.5292  5.61889
5.5292 5.78053  -11.8573
5.5292 6.03186  -0.13494
5.5292 6.28319  0.50156
5.78053 0  -5.39032
5.78053 0.251327  -5.61322
5.78053 0.502655  -5.40457
5.78053 0.753982  -3.73141
5.78053 1.00531  0.5039
5.78053 1.25664  6.78149
5.78053 1.50796  10.91919
5.78053 1.75929  6.82012
5.78053 2.01062  -4.0589
5.78053 2.26195  -6.77819
5.78053 2.51327  5.3149
5.78053 2.7646  7.25849
5.78053 3.01593  -7.7581
5.78053 3.26726  0.0699
5.78053 3.51858  6.26591
5.78053 3.76991  -9.8399
5.78053 4.02124  6.56121
5.78053 4.27257  -7.0418
5.78053 4.52389  2.054385
5.78053 4.77522  -5.82341
5.78053 5.02655  2.030284
5.78053 5.27788  -9.6024
5.78053 5.5292  5.35407
5.78053 5.78053  -12.1132
5.78053 6.03186  -0.38174
5.78053 6.28319  0.2642
6.03186 0  -5.75858
6.03186 0.251327  -5.98125
6.03186 0.502655  -5.77193
6.03186 0.753982  -4.09763
6.03186 1.00531  0.13925
6.03186 1.25664  6.41887
6.03186 1.50796  10.55903
6.03186 1.75929  6.46287
6.03186 2.01062  -4.41281
6.03186 2.26195  -7.1283
6.03186 2.51327  4.96898
6.03186 2.7646  6.9172
6.03186 3.01593  -8.0944
6.03186 3.26726  -0.26091
6.03186 3.51858  5.94094
6.03186 3.76991  -10.1586
6.03186 4.02124  6.24909
6.03186 4.27257  -7.3469
6.03186 4.52389  1.7566
6.03186 4.77522  -6.1135
6.03186 5.02655  1.74825
6.03186 5.27788  -9.876
6.03186 5.5292  5.0891
6.03186 5.78053  -12.3692
6.03186 6.03186  -0.62841
6.03186 6.28319  0.0271
6.28319 0  -6.12823
6.28319 0.251327  -6.35068
6.28319 0.502655  -6.14066
6.28319 0.753982  -4.46522
6.28319 1.00531  -0.22674
6.28319 1.25664  6.05493
6.28319 1.50796  10.1976
6.28319 1.75929  6.10439
6.28319 2.01062  -4.76789
6.28319 2.26195  -7.4796
6.28319 2.51327  4.62199
6.28319 2.7646  6.5749
6.28319 3.01593  -8.4316
6.28319 3.26726  -0.59258
6.28319 3.51858  5.6152
6.28319 3.76991  -10.4781
6.28319 4.02124  5.93638
6.28319 4.27257  -7.6525
6.28319 4.52389  1.45844
6.28319 4.77522  -6.40385
6.28319 5.02655  1.46605
6.28319 5.27788  -10.1497
6.28319 5.5292  4.82421
6.28319 5.78053  -12.625
6.28319 6.03186  -0.87476
6.28319 6.28319  -0.20954