00000000100000000000000000000000        32 bits         0.00000000000000000000
11111111111111111111111110100101        32 bits         -91
10000000000000000000000000000000        32 bits         -2147483648
11000010101101100000000000000000        32 bits         -91.00000000000000000000
01000010101101100000000000000000        32 bits         91.00000000000000000000
1100000001010110110000000000000000000000000000000000000000000000        64 bits         -91.00000000000000000000
01111111011111111111111111111111        32 bits         340282346638528859811704183484516925440.00000000000000000000
01111111111111111111111111111111        32 bits         2147483647
00000000000000000000000001011011        32 bits         91
0100000001010110110000000000000000000000000000000000000000000000        64 bits         91.00000000000000000000
